<?xml version="1.0"?>
<opencv_storage>
<H type_id="opencv-matrix">
  <rows>3</rows>
  <cols>3</cols>
  <dt>d</dt>
  <data>
    0.73134382716696389 0.14739280989377623 772.75385517446875
    -0.12371578473137183 1.3384262143500207 -301.6018351122525
    -0.00049783218067348857 0.0001267588409829753 1.</data></H>
</opencv_storage>
